[1] "Keeping states that make up 80% of observation weight in stXtw_group"
[1] "Removing too low wieghts states:"
[1] "Percentage of total observations removed: 0.001 %"
[1] "Removing too low demand states:"
[1] "Percentage of 0 demand states: 0.457 %"
[1] "Percentage of too low demand states truncated at 1e-5: 0.457 %"
[1] "Percentage of really high demand states truncated at 2 : 0 %"
[1] TRUE
[1] TRUE
1342.442  -11.89958  7.20299  ;; 0.08282341  -4.846699  0.0795719  ;; 0.005512295  -4.830457  0.005497157  ;; 0.0003716688  -4.830008  0.0003715997  ;; 2.427249e-05  -4.829991  2.427219e-05  ;; 1.546292e-06  -4.829991  [1] "itr:  7"
1344.046  -11.52151  7.204183  ;; 0.07178511  -4.467163  0.06932558  ;; 0.004019431  -4.450813  0.004011375  ;; 0.0002245325  -4.450432  0.0002245073  ;; 1.296241e-05  -4.450421  1.296233e-05  ;; 7.43024e-07  -4.45042  [1] "itr:  7"
1351.099  -12.14252  7.209414  ;; 0.05118787  -5.08509  0.04992083  ;; 0.002289158  -5.075092  0.002286542  ;; 0.000106087  -5.074934  0.0001060813  ;; 4.91519e-06  -5.074931  [1] "itr:  6"
1353.391  -12.26759  7.211107  ;; 0.03783693  -5.208641  0.03713867  ;; 0.001094014  -5.20034  0.001093416  ;; 3.166075e-05  -5.200236  3.166025e-05  ;; 8.924188e-07  -5.200234  [1] "itr:  6"
1332  -10.8084  7.195188  ;; 0.09539352  -3.764277  0.09111368  ;; 0.006920881  -3.738789  0.006897041  ;; 0.0005257022  -3.737974  0.0005255641  ;; 3.865623e-05  -3.737943  3.865548e-05  ;; 2.771683e-06  -3.737942  [1] "itr:  7"
1344.577  -11.43253  7.204578  ;; 0.05667214  -4.378952  0.05512448  ;; 0.00264091  -4.363304  0.002637429  ;; 0.0001228551  -4.362961  0.0001228476  ;; 5.575788e-06  -4.362952  [1] "itr:  6"
   user  system elapsed 
612.470   0.490 613.131 
  [1] "Intercept"            
  [2] "tract_tw_fac1_1"      
  [3] "tract_tw_fac1_2"      
  [4] "tract_tw_fac1_3"      
  [5] "tract_tw_fac1_4"      
  [6] "tract_tw_fac1_5"      
  [7] "tract_tw_fac2_1"      
  [8] "tract_tw_fac2_2"      
  [9] "tract_tw_fac2_3"      
 [10] "tract_tw_fac2_4"      
 [11] "tract_tw_fac2_5"      
 [12] "tract_tw_fac3_1"      
 [13] "tract_tw_fac3_2"      
 [14] "tract_tw_fac3_3"      
 [15] "tract_tw_fac3_4"      
 [16] "tract_tw_fac3_5"      
 [17] "tract_tw_fac4_1"      
 [18] "tract_tw_fac4_2"      
 [19] "tract_tw_fac4_3"      
 [20] "tract_tw_fac4_4"      
 [21] "tract_tw_fac4_5"      
 [22] "tract_tw_fac5_1"      
 [23] "tract_tw_fac5_2"      
 [24] "tract_tw_fac5_3"      
 [25] "tract_tw_fac5_4"      
 [26] "tract_tw_fac5_5"      
 [27] "tract_tw_fac6_1"      
 [28] "tract_tw_fac6_2"      
 [29] "tract_tw_fac6_3"      
 [30] "tract_tw_fac6_4"      
 [31] "tract_tw_fac6_5"      
 [32] "tract_tw_fac7_1"      
 [33] "tract_tw_fac7_2"      
 [34] "tract_tw_fac7_3"      
 [35] "tract_tw_fac7_4"      
 [36] "tract_tw_fac7_5"      
 [37] "tract_tw_fac8_1"      
 [38] "tract_tw_fac8_2"      
 [39] "tract_tw_fac8_3"      
 [40] "tract_tw_fac8_4"      
 [41] "tract_tw_fac8_5"      
 [42] "tract_tw_fac9_1"      
 [43] "tract_tw_fac9_2"      
 [44] "tract_tw_fac9_3"      
 [45] "tract_tw_fac9_4"      
 [46] "tract_tw_fac9_5"      
 [47] "tract_tw_fac10_1"     
 [48] "tract_tw_fac10_2"     
 [49] "tract_tw_fac10_3"     
 [50] "tract_tw_fac10_4"     
 [51] "tract_tw_fac10_5"     
 [52] "tract_tw_fac11_1"     
 [53] "tract_tw_fac11_2"     
 [54] "tract_tw_fac11_3"     
 [55] "tract_tw_fac11_4"     
 [56] "tract_tw_fac11_5"     
 [57] "tract_tw_fac12_1"     
 [58] "tract_tw_fac12_2"     
 [59] "tract_tw_fac12_3"     
 [60] "tract_tw_fac12_4"     
 [61] "tract_tw_fac12_5"     
 [62] "tract_tw_fac13_1"     
 [63] "tract_tw_fac13_2"     
 [64] "tract_tw_fac13_3"     
 [65] "tract_tw_fac13_4"     
 [66] "tract_tw_fac13_5"     
 [67] "tract_tw_fac14_1"     
 [68] "tract_tw_fac14_2"     
 [69] "tract_tw_fac14_3"     
 [70] "tract_tw_fac14_4"     
 [71] "tract_tw_fac14_5"     
 [72] "tract_tw_fac15_1"     
 [73] "tract_tw_fac15_2"     
 [74] "tract_tw_fac15_3"     
 [75] "tract_tw_fac15_4"     
 [76] "tract_tw_fac15_5"     
 [77] "tract_tw_fac16_1"     
 [78] "tract_tw_fac16_2"     
 [79] "tract_tw_fac16_3"     
 [80] "tract_tw_fac16_4"     
 [81] "tract_tw_fac16_5"     
 [82] "tract_tw_fac17_1"     
 [83] "tract_tw_fac17_2"     
 [84] "tract_tw_fac17_3"     
 [85] "tract_tw_fac17_4"     
 [86] "tract_tw_fac17_5"     
 [87] "tract_tw_fac18_1"     
 [88] "tract_tw_fac18_2"     
 [89] "tract_tw_fac18_3"     
 [90] "tract_tw_fac18_4"     
 [91] "tract_tw_fac18_5"     
 [92] "tract_tw_fac19_1"     
 [93] "tract_tw_fac19_2"     
 [94] "tract_tw_fac19_3"     
 [95] "tract_tw_fac19_4"     
 [96] "tract_tw_fac19_5"     
 [97] "tract_tw_fac20_1"     
 [98] "tract_tw_fac20_2"     
 [99] "tract_tw_fac20_3"     
[100] "tract_tw_fac20_4"     
[101] "tract_tw_fac20_5"     
[102] "dis_center"           
[103] "census_density"       
[104] "metro_den_on_a"       
[105] "metro_den_on_b"       
[106] "metro_den_on_c"       
[107] "metro_den_on_1"       
[108] "metro_den_on_2"       
[109] "metro_den_on_3"       
[110] "metro_den_on_4"       
[111] "metro_den_off_a"      
[112] "metro_den_off_b"      
[113] "metro_den_off_c"      
[114] "metro_den_off_1"      
[115] "metro_den_off_2"      
[116] "metro_den_off_3"      
[117] "metro_den_off_4"      
[118] "dummy_metro_den_on_a" 
[119] "dummy_metro_den_on_b" 
[120] "dummy_metro_den_on_c" 
[121] "dummy_metro_den_on_1" 
[122] "dummy_metro_den_on_2" 
[123] "dummy_metro_den_off_a"
[124] "dummy_metro_den_off_b"
[125] "dummy_metro_den_off_c"
[126] "dummy_metro_den_off_1"
[127] "dummy_metro_den_off_2"
[128] "touristlocs_den_1"    
[129] "touristlocs_den_2"    
[130] "touristlocs_den_3"    
[131] "touristlocs_den_4"    
[132] "touristlocs_den_c"    
[133] "in_dem_rate_lagtw"    
[134] "in_dem_rate_lagtw_sq" 
  [1] "Intercept"            
  [2] "tract_tw_fac1_1"      
  [3] "tract_tw_fac1_2"      
  [4] "tract_tw_fac1_3"      
  [5] "tract_tw_fac1_4"      
  [6] "tract_tw_fac1_5"      
  [7] "tract_tw_fac2_1"      
  [8] "tract_tw_fac2_2"      
  [9] "tract_tw_fac2_3"      
 [10] "tract_tw_fac2_4"      
 [11] "tract_tw_fac2_5"      
 [12] "tract_tw_fac3_1"      
 [13] "tract_tw_fac3_2"      
 [14] "tract_tw_fac3_3"      
 [15] "tract_tw_fac3_4"      
 [16] "tract_tw_fac3_5"      
 [17] "tract_tw_fac4_1"      
 [18] "tract_tw_fac4_2"      
 [19] "tract_tw_fac4_3"      
 [20] "tract_tw_fac4_4"      
 [21] "tract_tw_fac4_5"      
 [22] "tract_tw_fac5_1"      
 [23] "tract_tw_fac5_2"      
 [24] "tract_tw_fac5_3"      
 [25] "tract_tw_fac5_4"      
 [26] "tract_tw_fac5_5"      
 [27] "tract_tw_fac6_1"      
 [28] "tract_tw_fac6_2"      
 [29] "tract_tw_fac6_3"      
 [30] "tract_tw_fac6_4"      
 [31] "tract_tw_fac6_5"      
 [32] "tract_tw_fac7_1"      
 [33] "tract_tw_fac7_2"      
 [34] "tract_tw_fac7_3"      
 [35] "tract_tw_fac7_4"      
 [36] "tract_tw_fac7_5"      
 [37] "tract_tw_fac8_1"      
 [38] "tract_tw_fac8_2"      
 [39] "tract_tw_fac8_3"      
 [40] "tract_tw_fac8_4"      
 [41] "tract_tw_fac8_5"      
 [42] "tract_tw_fac9_1"      
 [43] "tract_tw_fac9_2"      
 [44] "tract_tw_fac9_3"      
 [45] "tract_tw_fac9_4"      
 [46] "tract_tw_fac9_5"      
 [47] "tract_tw_fac10_1"     
 [48] "tract_tw_fac10_2"     
 [49] "tract_tw_fac10_3"     
 [50] "tract_tw_fac10_4"     
 [51] "tract_tw_fac10_5"     
 [52] "tract_tw_fac11_1"     
 [53] "tract_tw_fac11_2"     
 [54] "tract_tw_fac11_3"     
 [55] "tract_tw_fac11_4"     
 [56] "tract_tw_fac11_5"     
 [57] "tract_tw_fac12_1"     
 [58] "tract_tw_fac12_2"     
 [59] "tract_tw_fac12_3"     
 [60] "tract_tw_fac12_4"     
 [61] "tract_tw_fac12_5"     
 [62] "tract_tw_fac13_1"     
 [63] "tract_tw_fac13_2"     
 [64] "tract_tw_fac13_3"     
 [65] "tract_tw_fac13_4"     
 [66] "tract_tw_fac13_5"     
 [67] "tract_tw_fac14_1"     
 [68] "tract_tw_fac14_2"     
 [69] "tract_tw_fac14_3"     
 [70] "tract_tw_fac14_4"     
 [71] "tract_tw_fac14_5"     
 [72] "tract_tw_fac15_1"     
 [73] "tract_tw_fac15_2"     
 [74] "tract_tw_fac15_3"     
 [75] "tract_tw_fac15_4"     
 [76] "tract_tw_fac15_5"     
 [77] "tract_tw_fac16_1"     
 [78] "tract_tw_fac16_2"     
 [79] "tract_tw_fac16_3"     
 [80] "tract_tw_fac16_4"     
 [81] "tract_tw_fac16_5"     
 [82] "tract_tw_fac17_1"     
 [83] "tract_tw_fac17_2"     
 [84] "tract_tw_fac17_3"     
 [85] "tract_tw_fac17_4"     
 [86] "tract_tw_fac17_5"     
 [87] "tract_tw_fac18_1"     
 [88] "tract_tw_fac18_2"     
 [89] "tract_tw_fac18_3"     
 [90] "tract_tw_fac18_4"     
 [91] "tract_tw_fac18_5"     
 [92] "tract_tw_fac19_1"     
 [93] "tract_tw_fac19_2"     
 [94] "tract_tw_fac19_3"     
 [95] "tract_tw_fac19_4"     
 [96] "tract_tw_fac19_5"     
 [97] "tract_tw_fac20_1"     
 [98] "tract_tw_fac20_2"     
 [99] "tract_tw_fac20_3"     
[100] "tract_tw_fac20_4"     
[101] "tract_tw_fac20_5"     
[102] "dis_center"           
[103] "census_density"       
[104] "metro_den_on_a"       
[105] "metro_den_on_b"       
[106] "metro_den_on_c"       
[107] "metro_den_on_1"       
[108] "metro_den_on_2"       
[109] "metro_den_on_3"       
[110] "metro_den_on_4"       
[111] "metro_den_off_a"      
[112] "metro_den_off_b"      
[113] "metro_den_off_c"      
[114] "metro_den_off_1"      
[115] "metro_den_off_2"      
[116] "metro_den_off_3"      
[117] "metro_den_off_4"      
[118] "dummy_metro_den_on_a" 
[119] "dummy_metro_den_on_b" 
[120] "dummy_metro_den_on_c" 
[121] "dummy_metro_den_on_1" 
[122] "dummy_metro_den_on_2" 
[123] "dummy_metro_den_off_a"
[124] "dummy_metro_den_off_b"
[125] "dummy_metro_den_off_c"
[126] "dummy_metro_den_off_1"
[127] "dummy_metro_den_off_2"
[128] "touristlocs_den_1"    
[129] "touristlocs_den_2"    
[130] "touristlocs_den_3"    
[131] "touristlocs_den_4"    
[132] "touristlocs_den_c"    
[133] "in_dem_rate_lagtw"    
[134] "in_dem_rate_lagtw_sq" 
[1] "kappa(t(Z_sqweighted) %*% Z_sqweighted): "
[1] 18249.15
[1] "kappa at theta_2 computation: 173924.218732846"
   serv_lvl serv_lvl_sq 
   20.19389   -13.27085 
[1] 10000
Warning:  print_info_string  is not a recognized option, we try to pass it to Ipopt as  string 
[1] "params: theta, summary of delta, summary of eta"
 [1]  -2.3097750   0.0000000 -25.0012900
 [4]   0.0000000   0.2101448   0.2411672
 [7]   0.2101448   0.0000000   0.0000000
[10]   0.0000000   0.0000000   0.0000000
[13]   0.0000000   4.5870590   0.1000000
[16]   0.1000000
[1] -13.683500  -5.007414  -4.277778  -4.575233
[5]  -3.710837  -1.899494
[1] -1.027604e+02 -1.487882e-10  4.571577e-10
[4]  2.710555e+01  1.788246e-09  2.763782e+02
[1] ""
[1] "kappa at theta_2 computation: 173924.218732846"
   serv_lvl serv_lvl_sq 
   20.19389   -13.27085 
[1] "In eval_g: summary of constraints. delta constraints, eta constraint, density constraint"
[1] -2.019258e-07 -1.644470e-10 -1.258504e-11
[4] -6.474544e-10 -7.042353e-13  2.081668e-17
[1] 0 0 0 0 0 0
[1] 9282.857
[1] ""
   user  system elapsed 
105.340   0.075 105.358 
[1] "In eval_jac_g: "
   user  system elapsed 
226.971   8.577 235.396 
[1] "params: theta, summary of delta, summary of eta"
 [1]  -2.3097750   0.0000000 -25.0012900
 [4]   0.0000000   0.2101448   0.2411672
 [7]   0.2101448   0.0000000   0.0000000
[10]   0.0000000   0.0000000   0.0000000
[13]   0.0000000   4.5870590   0.1000000
[16]   0.1000000
[1] -13.683500  -5.007414  -4.277778  -4.575233
[5]  -3.710837  -1.899494
[1] -1.027604e+02 -1.487882e-10  4.571577e-10
[4]  2.710555e+01  1.788246e-09  2.763782e+02
[1] ""
[1] "kappa at theta_2 computation: 173924.218732846"
   serv_lvl serv_lvl_sq 
   20.19389   -13.27085 
[1] "In eval_g: summary of constraints. delta constraints, eta constraint, density constraint"
[1] -2.019258e-07 -1.644470e-10 -1.258504e-11
[4] -6.474544e-10 -7.042353e-13  2.081668e-17
[1] 0 0 0 0 0 0
[1] 9282.857
[1] ""
   user  system elapsed 
107.123   0.188 107.249 
[1] "In eval_jac_g: "
   user  system elapsed 
235.018   8.953 243.817 

******************************************************************************
This program contains Ipopt, a library for large-scale nonlinear optimization.
 Ipopt is released as open source code under the Eclipse Public License (EPL).
         For more information visit http://projects.coin-or.org/Ipopt
******************************************************************************

This is Ipopt version 3.11.7, running with linear solver mumps.
NOTE: Other linear solvers might be more efficient (see Ipopt documentation).

Number of nonzeros in equality constraint Jacobian...:  9966742
Number of nonzeros in inequality constraint Jacobian.:        0
Number of nonzeros in Lagrangian Hessian.............:        0

[1] "In eval_jac_g: "
   user  system elapsed 
231.501   8.506 239.851 
[1] "In eval_jac_g: "
   user  system elapsed 
224.465   7.095 231.453 
Total number of variables............................:    35743
                     variables with only lower bounds:        0
                variables with lower and upper bounds:    35609
                     variables with only upper bounds:        0
Total number of equality constraints.................:    35735
Total number of inequality constraints...............:        0
        inequality constraints with only lower bounds:        0
   inequality constraints with lower and upper bounds:        0
        inequality constraints with only upper bounds:        0

[1] "kappa at theta_2 computation: 173924.218732846"
   serv_lvl serv_lvl_sq 
   20.19389   -13.27085 
[1] "In eval_g: summary of constraints. delta constraints, eta constraint, density constraint"
[1] 1.398272e-06 2.076227e-02 4.386594e-02
[4] 5.979973e-02 8.072835e-02 6.795747e-01
[1] 0 0 0 0 0 0
[1] 13299.28
[1] ""
   user  system elapsed 
109.198   0.098 109.224 
[1] "params: theta, summary of delta, summary of eta"
 [1]  -2.30977500   0.00000000 -25.00129000
 [4]   0.00999999   0.21014480   0.24116720
 [7]   0.21014480   0.00000000   0.00000000
[10]   0.00000000   0.00000000   0.00000000
[13]   0.00000000   4.58705900   0.10000000
[16]   0.10000000
[1] -13.683500  -5.007414  -4.277778  -4.575233
[5]  -3.710837  -1.899494
[1] -1.027604e+02 -1.487882e-10  4.571577e-10
[4]  2.710555e+01  1.788246e-09  2.763782e+02
[1] ""
iter    objective    inf_pr   inf_du lg(mu)  ||d||  lg(rg) alpha_du alpha_pr  ls
   0  8.2618113e+05 3.30e+03 1.00e+02   0.0 0.00e+00    -  0.00e+00 0.00e+00   0 
[1] "kappa at theta_2 computation: 173924.218732846"
   serv_lvl serv_lvl_sq 
   20.12858   -13.20630 
[1] "In eval_g: summary of constraints. delta constraints, eta constraint, density constraint"
[1] 8.667983e-07 1.284592e-02 2.712128e-02
[4] 3.694172e-02 4.986855e-02 4.188232e-01
[1] -7.960684e-08 -3.353027e-09 -7.972237e-10
[4] -7.747776e-09  1.587121e-11  8.422360e-09
[1] 12000.65
[1] ""
   user  system elapsed 
108.354   0.134 108.429 
[1] "params: theta, summary of delta, summary of eta"
 [1]  -1.754503533   0.000000000 -28.292085870
 [4]   0.006325289   0.186392170   0.245886307
 [7]   0.002101438   0.000000000   0.000000000
[10]   0.000000000   0.000000000   0.000000000
[13]   0.000000000   4.563492767   0.168336746
[16]   0.728318128
[1] -13.687042  -5.014603  -4.285912  -4.583047
[5]  -3.719249  -1.913265
[1] -1.019673e+02 -1.519242e-10  4.540309e-10
[4]  2.696549e+01  1.783187e-09  2.761628e+02
[1] ""
[1] "In eval_jac_g: "
   user  system elapsed 
221.974   5.689 227.593 
   1  8.1756155e+05 2.00e+03 7.60e+02   0.9 8.36e+00    -  9.90e-01 3.94e-01f  1  sigma=7.62e-02 qf=12
[1] "kappa at theta_2 computation: 173924.218732846"
   serv_lvl serv_lvl_sq 
   17.34392   -10.80377 
[1] "In eval_g: summary of constraints. delta constraints, eta constraint, density constraint"
[1] 1.245472e-06 1.483289e-02 3.013806e-02
[4] 3.861077e-02 5.260057e-02 3.860666e-01
[1] -8.812508e-08 -6.118906e-09 -1.299073e-09
[4] -9.015903e-09 -1.242257e-10  3.139977e-09
[1] 10015.62
[1] ""
   user  system elapsed 
107.339   0.110 107.393 
[1] "params: theta, summary of delta, summary of eta"
 [1]  12.076177020   0.000000000 -99.282921849
 [4]   0.001369151   0.217518852   0.246305746
 [7]   0.058772371   0.000000000   0.000000000
[10]   0.000000000   0.000000000   0.000000000
[13]   0.000000000   2.419267059   0.052314801
[16]   0.672557121
[1] -13.903795  -5.102862  -4.378046  -4.677605
[5]  -3.824347  -1.944333
[1] -8.482434e+01 -7.316346e-10 -9.499982e-11
[4]  2.384924e+01  9.445825e-10  2.642087e+02
[1] ""
[1] "In eval_jac_g: "
   user  system elapsed 
219.961   5.917 225.758 
   2  6.4509246e+05 1.56e+01 3.11e+04   0.4 7.15e+01    -  9.90e-01 9.92e-01f  1 Nhj  sigma=2.55e-01 qf=12
[1] "kappa at theta_2 computation: 173924.218732846"
   serv_lvl serv_lvl_sq 
   17.57210   -11.02512 
[1] "In eval_g: summary of constraints. delta constraints, eta constraint, density constraint"
[1] 0.0000008082 0.0096883709 0.0197203001
[4] 0.0252549902 0.0343965300 0.2529873291
[1] -1.273681e-08 -9.266419e-11  4.522773e-10
[4]  3.320555e-09  1.645682e-09  3.553066e-08
[1] 10009.96
[1] ""
   user  system elapsed 
106.642   0.130 106.776 
[1] "params: theta, summary of delta, summary of eta"
 [1]  11.481957710   0.000000000 -99.367933587
 [4]   0.001231648   0.243991768   0.247200278
 [7]   0.302061856   0.000000000   0.000000000
[10]   0.000000000   0.000000000   0.000000000
[13]   0.000000000   2.643649316   0.029635375
[16]   0.006725561
[1] -13.907363  -5.116617  -4.389303  -4.688974
[5]  -3.834596  -1.965411
[1] -8.339882e+01 -9.787212e-10 -1.806992e-10
[4]  2.367384e+01  1.517996e-09  2.565305e+02
[1] ""
[1] "In eval_jac_g: "
   user  system elapsed 
225.156   6.028 231.064 
   3  6.5848250e+05 9.96e+00 1.12e+04  -0.0 2.79e+01    -  9.99e-01 3.63e-01h  1  sigma=3.65e-01 qf=12
[1] "kappa at theta_2 computation: 173924.218732846"
   serv_lvl serv_lvl_sq 
   16.78115   -10.48085 
[1] "In eval_g: summary of constraints. delta constraints, eta constraint, density constraint"
[1] -0.0178306151  0.0005504409  0.0012914137
[4]  0.0017147746  0.0024404726  0.0174004404
[1] -1.322871e-07 -8.829272e-09 -2.437004e-09
[4] -1.361196e-08  4.906397e-11  6.410353e-09
[1] 10000
[1] ""
   user  system elapsed 
108.200   0.158 108.298 
[1] "params: theta, summary of delta, summary of eta"
 [1]  11.43407883   0.00000000 -97.69205025
 [4]   0.00199136   0.47259800   0.23362829
 [7]   0.58991795   0.00000000   0.00000000
[10]   0.00000000   0.00000000   0.00000000
[13]   0.00000000   3.00495309   0.03734865
[16]   0.11376244
[1] -14.175269  -5.314877  -4.590880  -4.889521
[5]  -4.032626  -2.176559
[1] -7.363569e+01 -7.724807e-10 -1.447843e-10
[4]  1.835162e+01  1.288549e-09  1.897236e+02
[1] ""
[1] "In eval_jac_g: "
   user  system elapsed 
219.131   5.761 224.793 
   4  6.1785741e+05 1.78e-02 1.93e+03   0.5 9.98e+01    -  9.85e-01 1.00e+00f  1  sigma=3.11e+00 qf=12
[1] "kappa at theta_2 computation: 173924.218732846"
   serv_lvl serv_lvl_sq 
   16.71084   -10.42990 
[1] "In eval_g: summary of constraints. delta constraints, eta constraint, density constraint"
[1] -0.0174933318  0.0005317145  0.0012476179
[4]  0.0016562471  0.0023577770  0.0168113574
[1] -1.773991e-07 -8.093177e-09 -2.507663e-09
[4] -1.771812e-08  1.946478e-11  7.821660e-09
[1] 10000
[1] ""
   user  system elapsed 
106.569   0.135 106.650 
[1] "params: theta, summary of delta, summary of eta"
 [1]  11.382564029   0.000000000 -97.452050510
 [4]   0.001776740   0.489991578   0.235539353
 [7]   0.653975686   0.000000000   0.000000000
[10]   0.000000000   0.000000000   0.000000000
[13]   0.000000000   2.930395928   0.036747481
[16]   0.001137614
[1] -14.188599  -5.313819  -4.590699  -4.888929
[5]  -4.032420  -2.170778
[1] -7.564351e+01 -8.403106e-10 -1.753373e-10
[4]  1.788907e+01  1.309476e-09  1.851143e+02
[1] ""
[1] "In eval_jac_g: "
   user  system elapsed 
223.559   6.053 229.489 
   5  6.1168466e+05 1.75e-02 3.08e+03  -1.1 2.10e+02    -  2.43e-01 3.34e-02f  1  sigma=2.60e-02 qf=12
[1] "kappa at theta_2 computation: 173924.218732846"
   serv_lvl serv_lvl_sq 
  12.943447   -7.476193 
[1] "In eval_g: summary of constraints. delta constraints, eta constraint, density constraint"
[1] -0.103174688  0.004975978  0.011611938
[4]  0.016251018  0.022917063  0.230023210
[1] -1.185259e-08  3.110197e-12  4.349926e-09
[4]  3.186151e-08  1.532602e-08  3.195739e-07
[1] 10000
[1] ""
   user  system elapsed 
108.516   0.227 108.684 
[1] "params: theta, summary of delta, summary of eta"
 [1]   0.322014757   0.000000000 -33.703183265
 [4]   0.004264445   1.262818823   0.190819319
 [7]   1.141016419   0.000000000   0.000000000
[10]   0.000000000   0.000000000   0.000000000
[13]   0.000000000   3.467402248   0.104975489
[16]   2.178399649
[1] -14.290248  -5.137717  -4.432196  -4.725947
[5]  -3.877370  -1.951454
[1] -1.608203e+02 -5.295680e-09 -1.359079e-09
[4] -1.812408e+00  2.153170e-09  1.508144e+02
[1] ""
[1] "In eval_jac_g: "
   user  system elapsed 
222.582   5.892 228.362 
   6  5.8494981e+05 2.30e-01 2.32e+04   0.7 2.92e+02    -  7.37e-01 1.00e+00f  1  sigma=2.30e+00 qf=12
[1] "kappa at theta_2 computation: 173924.218732846"
   serv_lvl serv_lvl_sq 
  14.003901   -8.311364 
[1] "In eval_g: summary of constraints. delta constraints, eta constraint, density constraint"
[1] -0.024700432  0.003704953  0.008122050
[4]  0.010986952  0.015155527  0.126206381
[1] -1.592905e-08 -7.964324e-11  2.525654e-10
[4]  2.941089e-09  9.751614e-10  3.175569e-08
[1] 10000
[1] ""
   user  system elapsed 
106.626   0.131 106.695 
[1] "params: theta, summary of delta, summary of eta"
 [1]   3.994547638   0.000000000 -54.776521744
 [4]   0.002370967   1.033287342   0.216420876
 [7]   1.532700771   0.000000000   0.000000000
[10]   0.000000000   0.000000000   0.000000000
[13]   0.000000000   2.456189053   0.087646182
[16]   0.021783987
[1] -14.305399  -5.155570  -4.451066  -4.745851
[5]  -3.896569  -1.957670
[1] -9.047022e+01 -6.734525e-10 -1.001495e-10
[4]  2.857112e+00  3.795237e-10  1.401257e+02
[1] ""
[1] "In eval_jac_g: "
   user  system elapsed 
221.109   6.149 227.122 
   7  5.2698588e+05 1.26e-01 3.70e+03   0.5 1.09e+02    -  9.98e-01 6.48e-01f  1  sigma=8.11e-01 qf=12
[1] "kappa at theta_2 computation: 173924.218732846"
   serv_lvl serv_lvl_sq 
  15.212167   -9.292211 
[1] "In eval_g: summary of constraints. delta constraints, eta constraint, density constraint"
[1] 1.177589e-08 3.347265e-04 6.923462e-04
[4] 9.334993e-04 1.264743e-03 1.001551e-02
[1] -6.395950e-08 -2.703974e-09 -1.148513e-09
[4] -6.215005e-09  1.205377e-10  9.856265e-09
[1] 10000
[1] ""
   user  system elapsed 
108.230   0.124 108.292 
[1] "params: theta, summary of delta, summary of eta"
 [1]  2.906653e+00  0.000000e+00 -5.467944e+01
 [4]  1.371819e-03  1.074913e+00  2.267181e-01
 [7]  1.589163e+00  0.000000e+00  0.000000e+00
[10]  0.000000e+00  0.000000e+00  0.000000e+00
[13]  0.000000e+00  2.139633e+00  8.764519e-04
[16]  2.115868e-02
[1] -14.212127  -5.095569  -4.389529  -4.682305
[5]  -3.833290  -1.895855
[1] -9.147345e+01 -5.230158e-10  2.282051e-11
[4]  4.325544e+00  7.151308e-10  1.420770e+02
[1] ""
[1] "In eval_jac_g: "
   user  system elapsed 
216.761   6.393 223.025 
   8  5.3321989e+05 1.00e-02 1.74e+03  -0.8 2.87e+01    -  9.93e-01 9.86e-01h  1  sigma=4.71e-02 qf=12
[1] "kappa at theta_2 computation: 173924.218732846"
   serv_lvl serv_lvl_sq 
  15.617660   -9.603337 
[1] "In eval_g: summary of constraints. delta constraints, eta constraint, density constraint"
[1] -3.979783e-05  6.048480e-04  1.231517e-03
[4]  1.595345e-03  2.193444e-03  1.749208e-02
[1] -5.168132e-09 -1.313266e-11  1.893129e-09
[4]  1.047144e-08  6.351307e-09  1.015678e-07
[1] 10000
[1] ""
   user  system elapsed 
108.326   0.223 108.489 
[1] "params: theta, summary of delta, summary of eta"
 [1]  3.237909e+00  0.000000e+00 -6.414707e+01
 [4]  1.439667e-03  9.395571e-01  2.290288e-01
 [7]  1.407920e+00  0.000000e+00  0.000000e+00
[10]  0.000000e+00  0.000000e+00  0.000000e+00
[13]  0.000000e+00  1.942333e+00  7.453430e-04
[16]  2.115769e-04
[1] -14.088239  -4.944111  -4.236564  -4.528542
[5]  -3.678091  -1.743008
[1] -8.995939e+01 -1.218733e-09 -3.379050e-10
[4]  4.043695e+00  5.011799e-10  1.397412e+02
[1] ""
[1] "In eval_jac_g: "
   user  system elapsed 
219.650   6.289 225.810 
   9  5.3175584e+05 1.75e-02 3.82e+02  -1.4 3.04e+01    -  9.99e-01 9.43e-01f  1  sigma=1.92e-01 qf=12
[1] "kappa at theta_2 computation: 173924.218732846"
   serv_lvl serv_lvl_sq 
   16.29268   -10.13756 
[1] "In eval_g: summary of constraints. delta constraints, eta constraint, density constraint"
[1] -3.368426e-04  7.441513e-05  1.532882e-04
[4]  1.969034e-04  2.701297e-04  1.863860e-03
[1] -1.242057e-07 -7.034837e-09 -1.899823e-09
[4] -1.219130e-08  3.221551e-11  5.054280e-09
[1] 10000
[1] ""
   user  system elapsed 
107.306   0.147 107.394 
[1] "params: theta, summary of delta, summary of eta"
 [1]  8.325290e-01  0.000000e+00 -5.401768e+01
 [4]  1.302586e-03  8.929506e-01  2.315822e-01
 [7]  1.313240e+00  0.000000e+00  0.000000e+00
[10]  0.000000e+00  0.000000e+00  0.000000e+00
[13]  0.000000e+00  2.348915e+00  3.422923e-04
[16]  2.510925e-03
[1] -13.954757  -4.851176  -4.139346  -4.433671
[5]  -3.583064  -1.657716
[1] -8.837437e+01 -4.131267e-10  7.676983e-10
[4]  5.333661e+00  2.216993e-09  1.399921e+02
[1] ""
[1] "In eval_jac_g: "
   user  system elapsed 
222.962   5.984 228.818 
iter    objective    inf_pr   inf_du lg(mu)  ||d||  lg(rg) alpha_du alpha_pr  ls
  10  5.3150098e+05 1.86e-03 5.44e+02  -1.6 2.36e+01    -  9.99e-01 1.00e+00f  1  sigma=6.88e-01 qf=12
[1] "kappa at theta_2 computation: 173924.218732846"
   serv_lvl serv_lvl_sq 
   16.27157   -10.12270 
[1] "In eval_g: summary of constraints. delta constraints, eta constraint, density constraint"
[1] -1.793217e-04  4.987978e-06  1.226126e-05
[4]  1.733209e-05  2.399377e-05  2.674887e-04
[1] -2.639295e-09  1.459900e-12  1.059219e-09
[4]  4.121551e-09  2.956936e-09  3.824939e-08
[1] 10000
[1] ""
   user  system elapsed 
106.143   0.092 106.177 
[1] "params: theta, summary of delta, summary of eta"
 [1]  7.850043e-02  0.000000e+00 -5.111778e+01
 [4]  1.342986e-03  9.275151e-01  2.303642e-01
 [7]  1.364753e+00  0.000000e+00  0.000000e+00
[10]  0.000000e+00  0.000000e+00  0.000000e+00
[13]  0.000000e+00  2.436516e+00  1.395477e-05
[16]  2.509935e-05
[1] -13.937489  -4.817034  -4.105915  -4.399910
[5]  -3.548818  -1.619914
[1] -8.838356e+01 -1.047690e-09 -3.106166e-10
[4]  4.228958e+00  4.459699e-10  1.402239e+02
[1] ""
[1] "In eval_jac_g: "
   user  system elapsed 
219.906   5.933 225.710 
  11  5.3120171e+05 2.67e-04 6.34e+02  -2.9 1.66e+01    -  1.00e+00 9.88e-01f  1  sigma=5.52e-02 qf=12
[1] "kappa at theta_2 computation: 173924.218732846"
   serv_lvl serv_lvl_sq 
   16.23480   -10.08619 
[1] "In eval_g: summary of constraints. delta constraints, eta constraint, density constraint"
[1] -2.427090e-04  2.270474e-06  5.419758e-06
[4]  7.198966e-06  1.035204e-05  9.838223e-05
[1] -1.172812e-07 -8.213005e-09 -2.215230e-09
[4] -1.191906e-08 -2.687902e-11  5.236610e-09
[1] 10000
[1] ""
   user  system elapsed 
107.086   0.127 107.150 
[1] "params: theta, summary of delta, summary of eta"
 [1]  5.381064e-02  0.000000e+00 -5.168385e+01
 [4]  1.749787e-03  9.191024e-01  2.262701e-01
 [7]  1.344642e+00  0.000000e+00  0.000000e+00
[10]  0.000000e+00  0.000000e+00  0.000000e+00
[13]  0.000000e+00  2.162823e+00  2.560738e-06
[16]  1.733258e-05
[1] -13.925160  -4.802745  -4.092261  -4.386138
[5]  -3.536026  -1.611406
[1] -8.455693e+01 -6.059688e-10  1.408651e-10
[4]  4.304854e+00  9.172881e-10  1.411391e+02
[1] ""
[1] "In eval_jac_g: "
   user  system elapsed 
227.676   8.299 235.832 
  12  5.3144653e+05 2.43e-04 2.24e+01  -3.7 6.22e+00    -  1.00e+00 1.00e+00h  1  sigma=1.57e-01 qf=12
[1] "kappa at theta_2 computation: 173924.218732846"
   serv_lvl serv_lvl_sq 
   16.32782   -10.16540 
[1] "In eval_g: summary of constraints. delta constraints, eta constraint, density constraint"
[1] -1.320876e-04  7.999703e-07  2.125479e-06
[4]  2.686700e-06  4.121391e-06  3.052933e-05
[1] -8.361315e-08 -5.487655e-09 -1.380890e-09
[4] -8.350825e-09  1.638594e-10  3.838337e-09
[1] 10000
[1] ""
   user  system elapsed 
106.918   0.079 106.935 
[1] "params: theta, summary of delta, summary of eta"
 [1] -1.824792e-01  0.000000e+00 -5.057567e+01
 [4]  1.417308e-03  9.210225e-01  2.297365e-01
 [7]  1.352257e+00  0.000000e+00  0.000000e+00
[10]  0.000000e+00  0.000000e+00  0.000000e+00
[13]  0.000000e+00  2.359646e+00  4.389862e-07
[16]  2.386491e-06
[1] -13.917041  -4.795509  -4.083937  -4.378307
[5]  -3.527442  -1.599299
[1] -8.757676e+01 -2.676492e-09 -6.611766e-10
[4]  4.165891e+00  1.340822e-09  1.403245e+02
[1] ""
[1] "In eval_jac_g: "
   user  system elapsed 
222.856   6.023 228.745 
  13  5.3116798e+05 1.32e-04 5.13e+01  -4.5 5.43e+00    -  1.00e+00 1.00e+00f  1  sigma=1.44e-01 qf=12
[1] "kappa at theta_2 computation: 173924.218732846"
   serv_lvl serv_lvl_sq 
   16.34338   -10.17768 
[1] "In eval_g: summary of constraints. delta constraints, eta constraint, density constraint"
[1] -6.644697e-07  1.534771e-08  4.490838e-08
[4]  5.819268e-08  8.977314e-08  5.546125e-07
[1] -1.517076e-09 -4.076789e-11  4.184376e-10
[4]  3.483228e-09  2.301795e-09  3.556379e-08
[1] 10000
[1] ""
   user  system elapsed 
108.144   0.079 108.157 
[1] "params: theta, summary of delta, summary of eta"
 [1] -2.381184e-01  0.000000e+00 -5.040780e+01
 [4]  1.413364e-03  9.194634e-01  2.298159e-01
 [7]  1.349400e+00  0.000000e+00  0.000000e+00
[10]  0.000000e+00  0.000000e+00  0.000000e+00
[13]  0.000000e+00  2.358395e+00 -5.510138e-09
[16]  1.515942e-08
[1] -13.913036  -4.791936  -4.080254  -4.374665
[5]  -3.523911  -1.595757
[1] -8.757184e+01 -4.904483e-09 -8.445645e-10
[4]  4.175094e+00  2.605877e-09  1.403111e+02
[1] ""
[1] "In eval_jac_g: "
   user  system elapsed 
221.257   6.689 227.810 
  14  5.3117861e+05 6.64e-07 7.91e+00  -6.4 3.08e-01    -  1.00e+00 9.98e-01h  1  sigma=1.30e-02 qf=13
[1] "kappa at theta_2 computation: 173924.218732846"
   serv_lvl serv_lvl_sq 
   16.34773   -10.18108 
[1] "In eval_g: summary of constraints. delta constraints, eta constraint, density constraint"
[1] -5.380302e-07  5.105543e-09  1.134096e-08
[4]  1.138473e-08  2.043085e-08  1.645485e-07
[1] -9.481033e-09 -2.176494e-10  3.482963e-09
[4]  2.340272e-08  1.532336e-08  2.334592e-07
[1] 10000
[1] ""
   user  system elapsed 
107.610   0.104 107.648 
[1] "params: theta, summary of delta, summary of eta"
 [1] -2.492797e-01  0.000000e+00 -5.039545e+01
 [4]  1.410800e-03  9.192390e-01  2.298580e-01
 [7]  1.346785e+00  0.000000e+00  0.000000e+00
[10]  0.000000e+00  0.000000e+00  0.000000e+00
[13]  0.000000e+00  2.343953e+00 -9.928472e-09
[16] -9.624966e-09
[1] -13.911260  -4.790909  -4.079236  -4.373520
[5]  -3.522783  -1.594595
[1] -8.760508e+01 -4.292679e-09 -7.262622e-10
[4]  4.181715e+00  2.104386e-09  1.403069e+02
[1] ""
[1] "In eval_jac_g: "
   user  system elapsed 
222.025  11.144 233.031 
  15  5.3117847e+05 5.38e-07 4.22e+00  -8.3 2.32e-01    -  1.00e+00 1.00e+00h  1  sigma=1.30e-02 qf=13
[1] "kappa at theta_2 computation: 173924.218732846"
   serv_lvl serv_lvl_sq 
   16.34868   -10.18185 
[1] "In eval_g: summary of constraints. delta constraints, eta constraint, density constraint"
[1] -4.900732e-07  1.434873e-08  2.906026e-08
[4]  3.646373e-08  5.065305e-08  3.390831e-07
[1] -3.099566e-07 -1.961616e-08 -4.085094e-09
[4] -3.092113e-08  3.726019e-10  1.205432e-08
[1] 10000
[1] ""
   user  system elapsed 
106.656   0.171 106.762 
[1] "params: theta, summary of delta, summary of eta"
 [1] -2.601282e-01  0.000000e+00 -5.032080e+01
 [4]  1.412984e-03  9.195188e-01  2.298296e-01
 [7]  1.346372e+00  0.000000e+00  0.000000e+00
[10]  0.000000e+00  0.000000e+00  0.000000e+00
[13]  0.000000e+00  2.357726e+00 -9.997531e-09
[16] -9.987274e-09
[1] -13.910944  -4.791027  -4.079315  -4.373619
[5]  -3.522906  -1.594779
[1] -8.755974e+01 -4.516959e-10  5.304495e-10
[4]  4.186800e+00  2.161819e-09  1.403128e+02
[1] ""
[1] "In eval_jac_g: "
   user  system elapsed 
220.794   5.404 225.924 
  16  5.3117841e+05 4.90e-07 7.70e+00  -9.8 2.18e-01    -  1.00e+00 1.00e+00h  1  sigma=3.09e-02 qf=12
[1] "kappa at theta_2 computation: 173924.218732846"
   serv_lvl serv_lvl_sq 
   16.34770   -10.18106 
[1] "In eval_g: summary of constraints. delta constraints, eta constraint, density constraint"
[1] 5.302934e-13 8.887339e-09 1.790660e-08
[4] 2.265963e-08 3.119692e-08 2.131836e-07
[1] -2.934061e-09  1.884742e-11  7.115191e-10
[4]  6.742800e-09  4.829237e-09  6.708765e-08
[1] 10000
[1] ""
   user  system elapsed 
106.749   0.079 106.734 
[1] "params: theta, summary of delta, summary of eta"
 [1] -2.500721e-01  0.000000e+00 -5.038400e+01
 [4]  1.412183e-03  9.192742e-01  2.298416e-01
 [7]  1.346712e+00  0.000000e+00  0.000000e+00
[10]  0.000000e+00  0.000000e+00  0.000000e+00
[13]  0.000000e+00  2.354703e+00 -9.999850e-09
[16] -9.999203e-09
[1] -13.911285  -4.791038  -4.079337  -4.373640
[5]  -3.522912  -1.594747
[1] -8.757642e+01 -5.386961e-09 -9.424986e-10
[4]  4.182777e+00  2.971123e-09  1.403049e+02
[1] ""
[1] "In eval_jac_g: "
   user  system elapsed 
220.957   5.476 226.267 
  17  5.3117839e+05 2.13e-07 2.95e+00 -11.0 1.20e-01    -  1.00e+00 1.00e+00h  1  sigma=6.04e-02 qf=13
[1] "kappa at theta_2 computation: 173924.218732846"
   serv_lvl serv_lvl_sq 
   16.34739   -10.18082 
[1] "In eval_g: summary of constraints. delta constraints, eta constraint, density constraint"
[1] -1.859700e-09  5.359874e-10  1.116315e-09
[4]  1.478365e-09  2.039572e-09  1.634444e-08
[1] -3.494240e-09  3.935572e-12  1.754698e-10
[4]  8.893780e-10  5.380457e-10  8.921192e-09
[1] 10000
[1] ""
   user  system elapsed 
107.613   0.147 107.700 
[1] "params: theta, summary of delta, summary of eta"
 [1] -2.517385e-01  0.000000e+00 -5.037034e+01
 [4]  1.412175e-03  9.194146e-01  2.298389e-01
 [7]  1.346927e+00  0.000000e+00  0.000000e+00
[10]  0.000000e+00  0.000000e+00  0.000000e+00
[13]  0.000000e+00  2.351661e+00 -9.999851e-09
[16] -9.999203e-09
[1] -13.911356  -4.791094  -4.079396  -4.373703
[5]  -3.522969  -1.594809
[1] -8.758151e+01 -4.193260e-09 -7.339187e-10
[4]  4.181970e+00  1.980824e-09  1.403095e+02
[1] ""
[1] "In eval_jac_g: "
   user  system elapsed 
217.710   5.592 223.173 
  18  5.3117842e+05 1.63e-08 2.12e+00 -11.0 5.60e-02    -  1.00e+00 1.00e+00h  1  sigma=1.00e+00 qf=2
[1] "kappa at theta_2 computation: 173924.218732846"
   serv_lvl serv_lvl_sq 
   16.34754   -10.18094 
[1] "In eval_g: summary of constraints. delta constraints, eta constraint, density constraint"
[1] -9.715490e-10  5.515393e-11  1.244025e-10
[4]  1.685944e-10  2.374263e-10  2.072878e-09
[1] -3.867714e-09  1.077799e-11  1.528095e-09
[4]  9.145419e-09  5.184511e-09  9.228928e-08
[1] 10000
[1] ""
   user  system elapsed 
105.993   0.163 106.057 
[1] "params: theta, summary of delta, summary of eta"
 [1] -2.511222e-01  0.000000e+00 -5.037518e+01
 [4]  1.412207e-03  9.193551e-01  2.298398e-01
 [7]  1.346810e+00  0.000000e+00  0.000000e+00
[10]  0.000000e+00  0.000000e+00  0.000000e+00
[13]  0.000000e+00  2.353103e+00 -9.999851e-09
[16] -9.999203e-09
[1] -13.911319  -4.791078  -4.079378  -4.373683
[5]  -3.522953  -1.594792
[1] -8.757863e+01 -4.103665e-09 -7.329364e-10
[4]  4.182664e+00  2.134180e-09  1.403077e+02
[1] ""
[1] "In eval_jac_g: "
   user  system elapsed 
243.345   6.475 250.443 
  19  5.3117842e+05 9.23e-08 5.23e-02 -11.0 2.63e-02    -  1.00e+00 1.00e+00h  1  sigma=1.00e+00 qf=2
[1] "kappa at theta_2 computation: 173924.218732846"
   serv_lvl serv_lvl_sq 
   16.34754   -10.18094 
[1] "In eval_g: summary of constraints. delta constraints, eta constraint, density constraint"
[1] -7.921441e-13  8.755323e-14  1.820558e-13  2.428461e-13  3.303746e-13  2.609690e-12
[1] -4.008695e-09  1.044467e-10  1.584672e-09  8.065058e-09  5.580569e-09  7.898969e-08
[1] 10000
[1] ""
   user  system elapsed 
119.932   0.181 120.218 
[1] "params: theta, summary of delta, summary of eta"
 [1] -2.510284e-01  0.000000e+00 -5.037542e+01  1.412152e-03  9.193550e-01  2.298404e-01  1.346812e+00  0.000000e+00  0.000000e+00
[10]  0.000000e+00  0.000000e+00  0.000000e+00  0.000000e+00  2.353064e+00 -9.999851e-09 -9.999203e-09
[1] -13.911325  -4.791084  -4.079384  -4.373690  -3.522960  -1.594798
[1] -8.757924e+01 -1.677632e-09 -3.117577e-10  4.182738e+00  9.957580e-10  1.403076e+02
[1] ""
[1] "In eval_jac_g: "
   user  system elapsed 
247.788   7.281 255.434 
iter    objective    inf_pr   inf_du lg(mu)  ||d||  lg(rg) alpha_du alpha_pr  ls
  20  5.3117842e+05 7.90e-08 6.24e-03 -11.0 1.26e-03    -  1.00e+00 1.00e+00h  1  sigma=1.00e+00 qf=2
[1] "kappa at theta_2 computation: 173924.218732846"
   serv_lvl serv_lvl_sq 
   16.34751   -10.18092 
[1] "In eval_g: summary of constraints. delta constraints, eta constraint, density constraint"
[1] -4.100198e-11  4.476610e-13  9.515513e-13  1.233995e-12  1.734154e-12  1.304623e-11
[1] -7.694343e-09 -1.772658e-10  8.820114e-11  3.607641e-09  8.614563e-10  3.909699e-08
[1] 10000
[1] ""
   user  system elapsed 
119.599   0.272 120.203 
[1] "params: theta, summary of delta, summary of eta"
 [1] -2.508637e-01  0.000000e+00 -5.037614e+01  1.412221e-03  9.193510e-01  2.298397e-01  1.346804e+00  0.000000e+00  0.000000e+00
[10]  0.000000e+00  0.000000e+00  0.000000e+00  0.000000e+00  2.352939e+00 -9.999851e-09 -9.999203e-09
[1] -13.911329  -4.791091  -4.079390  -4.373696  -3.522967  -1.594806
[1] -8.757867e+01 -4.401249e-10  2.466423e-10  4.182903e+00  1.060831e-09  1.403078e+02
[1] ""
[1] "In eval_jac_g: "
   user  system elapsed 
249.206   6.590 255.981 
  21  5.3117842e+05 3.91e-08 2.81e-05 -11.0 2.06e-03    -  1.00e+00 1.00e+00h  1  sigma=1.00e+00 qf=2y 
[1] "kappa at theta_2 computation: 173924.218732846"
   serv_lvl serv_lvl_sq 
   16.34753   -10.18093 
[1] "In eval_g: summary of constraints. delta constraints, eta constraint, density constraint"
[1] -1.161654e-11  2.051657e-13  4.281436e-13  5.525529e-13  7.699397e-13  5.406231e-12
[1] -1.877709e-07 -1.226756e-08 -3.017619e-09 -1.870901e-08  1.497415e-10  7.650737e-09
[1] 10000
[1] ""
   user  system elapsed 
120.541   0.349 121.003 
[1] "params: theta, summary of delta, summary of eta"
 [1] -2.509828e-01  0.000000e+00 -5.037564e+01  1.412190e-03  9.193531e-01  2.298400e-01  1.346808e+00  0.000000e+00  0.000000e+00
[10]  0.000000e+00  0.000000e+00  0.000000e+00  0.000000e+00  2.353006e+00 -9.999851e-09 -9.999203e-09
[1] -13.911325  -4.791086  -4.079385  -4.373691  -3.522961  -1.594800
[1] -8.757891e+01 -3.055864e-10  2.114077e-10  4.182805e+00  1.129989e-09  1.403077e+02
[1] ""
[1] "In eval_jac_g: "
   user  system elapsed 
246.427   5.886 252.838 
  22  5.3117842e+05 1.88e-07 2.37e-03 -11.0 1.10e-03    -  1.00e+00 1.00e+00h  1  sigma=1.00e+00 qf=2
[1] "kappa at theta_2 computation: 173924.218732846"
   serv_lvl serv_lvl_sq 
   16.34753   -10.18093 
[1] "In eval_g: summary of constraints. delta constraints, eta constraint, density constraint"
[1] -5.329071e-15  5.204170e-17  1.665335e-16  2.023461e-16  3.608225e-16  4.440892e-15
[1] -2.742471e-08 -1.564043e-09 -1.554915e-10 -2.585874e-09  2.119582e-10  2.020825e-09
[1] 10000
[1] ""
   user  system elapsed 
120.855   0.402 121.327 
[1] "params: theta, summary of delta, summary of eta"
 [1] -2.509866e-01  0.000000e+00 -5.037563e+01  1.412189e-03  9.193529e-01  2.298400e-01  1.346808e+00  0.000000e+00  0.000000e+00
[10]  0.000000e+00  0.000000e+00  0.000000e+00  0.000000e+00  2.353006e+00 -9.999851e-09 -9.999203e-09
[1] -13.911325  -4.791086  -4.079385  -4.373691  -3.522961  -1.594800
[1] -8.757891e+01 -3.665621e-09 -7.905307e-10  4.182805e+00  1.911682e-09  1.403077e+02
[1] ""
[1] "In eval_jac_g: "
   user  system elapsed 
250.926   6.340 257.281 
  23  5.3117842e+05 2.74e-08 5.63e-07 -11.0 4.17e-05    -  1.00e+00 1.00e+00h  1  sigma=1.00e+00 qf=2y 

Number of Iterations....: 23

                                   (scaled)                 (unscaled)
Objective...............:   3.9858911132209300e+03    5.3117842197470553e+05
Dual infeasibility......:   5.6260476810621185e-07    7.4975332850127065e-05
Constraint violation....:   2.7424711568202254e-08    2.7424711568202254e-08
