[1] "Step 1 output: "
[1] -19.4497508  -0.3182721   0.5206133 476.0690601   1.0435882   0.0000000   1.4737823
[8]   0.1860251   0.0000000
[1] 3.900184
numeric(0)
[1] "theta1 t-stat:"
                                    
-3.93 -0.23  7.36  3.09  1.21  2.98 
[1] "theta2 t-stat:"
numeric(0)
[1] 19
   user  system elapsed 
361.359   1.431 364.707 
[1] "Step 2 output: "
[1] -19.4942556   0.3358557   0.5251365 546.4344755   0.9543529   0.0000000   1.8523000
[8]   0.2127111   0.0000000
[1] 0.1238778
numeric(0)
[1] "theta1 t-stat:"
                                    
-4.48  0.27  7.73  3.63  1.51  3.32 
[1] "theta2 t-stat:"
numeric(0)
[1] 29
   user  system elapsed 
575.294   2.409 580.576 
       [,1]   [,2]   [,3]  [,4]   [,5]  [,6]
[1,]  1.000 -0.467  0.047 0.480  0.228 0.354
[2,] -0.467  1.000  0.464 0.143  0.063 0.499
[3,]  0.047  0.464  1.000 0.209 -0.036 0.414
[4,]  0.480  0.143  0.209 1.000  0.250 0.379
[5,]  0.228  0.063 -0.036 0.250  1.000 0.162
[6,]  0.354  0.499  0.414 0.379  0.162 1.000
